10
32
33
34
35
36
37
38
39
40
41
42
43
44
45
46
47
48
49
50
51
52
53
54
55
56
57
58
59
60
61
62
63
64
65
66
67
68
69
70
71
72
73
74
75
76
77
78
79
80
81
82
83
84
85
86
87
88
89
90
91
92
93
94
95
96
97
98
99
100
101
102
103
104
105
106
107
108
109
110
111
112
113
114
115
116
117
118
119
120
121
122
123
124
125
126
44032
44257
44284
44552
44592
45339
45432
45433
45684
45768
45784
46392
46524
46972
47049
47112
47532
47700
47784
47788
47805
47924
47928
47932
48120
48373
48652
49324
49328
49345
49688
49709
49828
50500
50528
50529
50696
50724
50948
50976
51012
51060
51061
51088
51452
51592
52264
52380
52488
52628
52824
52852
52992
53076
53216
53328
53412
53440
54000
54168
54408
54532
54540
54620